11 3 -27.8598 138.086 0
5 9 -26.1808 138.202 0
4 10 -22.3422 138.465 0
4 9 -21.6831 116.145 0
10 3 -19.9422 117.258 0
11 2 -18.4098 118.237 0
10 4 -16.7673 138.848 0
5 3 -15.5913 81.1403 0
5 4 -14.5131 99.3642 0
5 8 -14.3575 120.826 0
12 2 -13.3381 139.084 0
4 3 -12.2276 64.4367 0
10 2 -11.522 99.0196 0
6 3 -11.4247 97.3715 0
4 4 -11.2836 80.8253 0
4 8 -10.8276 100.284 0
5 2 -9.6255 65.6206 0
6 4 -9.33059 117.17 0
3 9 -9.24012 103.175 0
3 10 -9.07337 124.202 0
0 10 -8.39072 115.44 0
0 9 -8.20017 95.2909 0
4 2 -7.0377 50.6224 0
9 3 -6.93449 107.373 0
5 5 -6.75262 112.426 0
6 8 -5.94882 139.591 0
6 2 -5.5645 80.407 0
11 1 -5.51625 109.955 0
3 3 -5.09324 53.2133 0
4 5 -4.25826 92.7475 0
3 4 -3.58767 68.3677 0
7 3 -3.33006 106.128 0
9 4 -3.13983 127.994 0
0 3 -2.96998 32.5766 0
0 4 -2.61457 47.0272 0
5 1 -2.51173 56.6531 0
5 7 -2.46026 115.52 0
3 2 -1.37513 40.5036 0
0 8 -1.164 80.0851 0
4 1 -1.0825 42.5244 0
0 2 -0.832294 20.1814 0
1 9 -0.696593 101.282 0
1 3 -0.594086 41.5967 0
2 3 -0.403475 47.2137 0
3 8 -0.0481803 88.2271 0
9 2 -0.0443119 89.9753 0
10 1 -0.0409069 91.514 0
4 7 -0.0319027 95.5831 0
2 9 -0.0201612 100.889 0
8 3 -0.00697675 106.847 0
0 0 0 0 0
11 0 0.000107728 110.049 0
5 6 0.0137061 116.194 0
1 10 0.026394 121.928 0
7 4 0.0367728 126.618 0
6 5 0.0467136 131.11 0
12 1 0.048482 130.031 0
0 11 0.0486827 132 0
5 0 0.205379 51.4183 0
0 1 0.540302 10.1585 0
2 10 0.842711 121.534 0
1 4 0.939137 56.4855 0
4 0 0.97279 37.3854 0
1 2 1.27597 28.893 0
0 5 1.41831 59.7946 1
2 4 1.53392 62.0439 1
6 1 1.82621 70.8309 1
1 0 1.84147 10.5403 1
0 14 1.91432 140.132 1
2 2 1.9726 34.6982 1
4 6 2.03368 96.2577 1
3 11 2.03764 140.14 1
7 2 2.16756 88.6014 1
3 1 2.72569 32.6741 1
1 1 2.76355 19.3977 1
3 5 3.39826 79.7515 1
3 0 3.42336 27.03 1
2 0 3.81859 19.1677 1
15 2 3.9804 141.627 1
8 4 4.02858 127.336 1
6 0 4.32351 65.761 1
2 1 4.3488 26.2271 1
9 8 4.53251 137.692 1
10 0 4.55979 91.6093 1
3 14 4.72357 136.33 1
0 7 5.27732 72.4011 1
12 0 5.56112 130.126 1
8 2 5.73211 89.452 1
0 6 5.76102 67.6765 1
6 7 6.16833 133.941 1
1 8 6.26374 85.9585 1
1 5 6.7508 68.9954 1
2 8 7.63797 85.9449 1
6 6 8.16906 134.875 1
2 5 8.35072 73.7994 1
3 7 8.95022 83.5302 1
9 1 9.52421 82.474 1
7 1 9.57831 79.2995 1
9 5 9.74093 140.669 1
3 6 9.91161 83.6048 1
0 12 10.1262 138.439 1
1 11 10.1508 138.484 1
7 5 11.2878 140.554 1
7 0 11.5989 75.2773 1
0 13 11.7968 137.538 1
2 11 11.8784 137.59 1
1 6 12.6115 75.738 1
9 0 12.7091 81.7998 1
1 7 12.763 79.0665 1
13 1 13.4466 140.924 1
8 1 13.7669 81.1173 1
2 6 14.9557 78.9062 1
2 7 14.9688 80.3418 1
8 0 15.9149 78.836 1
8 5 16.5493 140.575 1
2 14 16.7366 137.492 1
3 13 16.7771 137.437 1
13 0 18.4622 141.797 1
9 7 18.6563 134.91 1
15 1 19.0494 134.381 1
7 7 19.7524 141.357 1
9 6 20.5843 140.524 1
14 1 22.9636 139.429 1
1 13 24.4848 141.682 1
2 12 24.5441 141.686 1
15 0 24.7543 138.605 1
8 7 26.1489 137.963 1
2 13 27.2512 137.455 1
11 15 -45.7516 243.208 2
11 10 -38.6203 221.517 2
11 9 -38.2224 191.846 2
12 15 -34.999 275.226 2
5 15 -34.3722 192.667 2
10 15 -32.5927 212.766 2
12 9 -30.4018 219.066 2
12 10 -30.2642 250.533 2
4 15 -28.8133 165.225 2
10 10 -27.6619 194.099 2
10 9 -27.6479 166.227 2
5 10 -26.9699 162.415 2
11 4 -24.8045 161.418 2
12 3 -22.8985 160.541 2
11 11 -21.9024 242.097 2
6 15 -21.8212 216.508 2
11 8 -21.7643 171.286 2
11 14 -21.5813 225.345 2
12 4 -19.0435 185.611 2
6 10 -17.8958 184.067 2
6 9 -17.8582 158.221 2
5 14 -15.6216 176.568 2
5 11 -15.272 180.538 2
12 8 -13.6415 197.09 2
10 8 -12.4114 147.088 2
12 11 -12.2394 272.408 2
11 5 -11.4612 175.414 2
0 15 -11.3953 155.246 2
10 11 -11.3315 213.379 2
4 11 -11.2857 155.195 2
4 14 -11.1612 150.403 2
3 15 -11.1342 150.475 2
13 9 -10.8012 230.897 2
12 14 -10.3957 256.184 2
10 14 -9.77481 196.088 2
13 10 -9.6348 263.384 2
13 15 -9.50658 287.2 2
13 3 -9.11721 172.261 2
9 9 -8.98221 156.182 2
9 15 -8.34167 202.526 2
9 10 -8.11211 183.025 2
15 9 -6.26022 211.877 2
15 3 -6.11468 163.785 2
15 10 -4.71959 244.608 2
6 11 -4.67483 203.323 2
11 7 -4.42958 168.254 2
12 5 -4.29948 200.647 2
7 9 -4.0663 165.469 2
13 4 -3.9691 198.292 2
10 5 -3.90538 151.798 2
11 12 -3.59113 242.443 2
15 15 -3.282 257.701 2
7 10 -3.09544 192.065 2
6 14 -2.85357 199.391 2
7 15 -2.25943 222.28 2
11 13 -2.22104 230.022 2
5 12 -1.9562 183.944 2
5 13 -0.926595 177.543 2
11 6 -0.676939 174.825 2
15 4 -0.0637598 189.945 2
14 3 0.0104526 169.925 2
13 2 0.060303 149.972 2
1 15 1.30853 158.24 2
8 9 1.32988 160.52 2
4 12 1.39282 158.127 3
14 9 1.82797 223.666 3
2 15 2.54336 151.871 3
4 13 2.56095 151.745 3
8 10 2.70516 187.173 3
10 7 3.56798 144.567 3
14 10 3.63686 256.338 3
12 7 4.12926 193.55 3
8 15 5.28242 211.697 3
13 8 5.76801 208.28 3
14 4 6.06535 196.084 3
10 12 6.59632 213.345 3
10 6 6.65839 151.046 3
14 15 6.69666 275.107 3
12 12 7.37474 273.13 3
12 6 7.62475 200.219 3
7 8 7.6723 146.468 3
9 11 8.33088 201.777 3
10 13 8.35879 201.038 3
14 2 9.19137 147.639 3
12 13 9.27185 260.592 3
6 12 10.1599 206.941 3
13 11 10.1902 285.778 3
15 8 11.6101 189.772 3
7 11 11.9054 211.57 3
6 13 11.9326 200.26 3
9 14 12.6237 186.26 3
13 5 12.6689 213.595 3
8 8 13.5017 141.842 3
1 14 14.6731 143.245 3
3 12 14.7746 143.199 3
13 14 15.0364 267.755 3
7 14 16.6682 205.029 3
15 11 17.0226 266.248 3
14 8 18.5924 201.242 3
15 5 18.679 203.985 3
8 11 18.8819 206.235 3
7 6 21.023 143.433 3
1 12 21.9092 143.999 3
15 14 22.8237 239.241 3
13 7 23.4814 205.009 3
14 5 24.2111 210.818 3
8 14 24.7741 195.006 3
14 11 24.8758 278.418 3
13 6 26.2264 212.55 3
9 12 26.3754 202.134 3
8 6 27.2934 141.875 3
14 0 27.8685 141.914 3
7 12 28.516 214.519 3
9 13 29.0304 190.711 3
15 7 30.8922 188.833 3
7 13 31.2887 206.675 3
14 14 31.5656 256.092 3
13 12 31.6005 286.1 3
15 6 33.8196 199.914 3
13 13 34.518 272.669 3
14 7 36.6347 199.075 3
8 12 36.6642 207.821 3
14 6 39.0156 208.323 3
8 13 39.8329 198.121 3
15 12 40.3418 263.976 3
15 13 43.6166 246.964 3
14 12 47.696 277.506 3
14 13 51.2475 262.347 3
