1024 1024 128
0.0432896
2048 2048 128
0.176594
4096 4096 128
0.750885
8192 8192 128
3.11072
1024 1024 16
0.178175
2048 2048 16
0.772978
4096 4096 16
3.26184
8192 8192 16
13.8948
1024 1024 1
1.68675
2048 2048 1
7.43802
4096 4096 1
33.3303
8192 8192 1
143.48
1024 1024 256
0.0283879
2048 2048 256
0.11207
4096 4096 256
0.454227
8192 8192 256
1.92157
1024 1024 2
0.874126
2048 2048 2
3.91426
4096 4096 2
17.2312
8192 8192 2
74.2946
1024 1024 32
0.110567
2048 2048 32
0.468416
4096 4096 32
1.9873
8192 8192 32
8.32506
1024 1024 4
0.496101
2048 2048 4
2.18733
4096 4096 4
9.28263
8192 8192 4
40.8462
1024 1024 64
0.0675749
2048 2048 64
0.282036
4096 4096 64
1.19262
8192 8192 64
5.03215
1024 1024 8
0.297998
2048 2048 8
1.27335
4096 4096 8
5.5408
8192 8192 8
23.388