1024 1024 128
0.0402016
2048 2048 128
0.165622
4096 4096 128
0.687969
8192 8192 128
2.87918
1024 1024 16
0.170918
2048 2048 16
0.737845
4096 4096 16
3.16846
8192 8192 16
13.3365
1024 1024 1
1.80155
2048 2048 1
7.93876
4096 4096 1
35.5204
8192 8192 1
152.795
1024 1024 256
0.0261687
2048 2048 256
0.103634
4096 4096 256
0.41615
8192 8192 256
1.76417
1024 1024 2
0.917607
2048 2048 2
4.14207
4096 4096 2
18.1333
8192 8192 2
78.3964
1024 1024 32
0.103519
2048 2048 32
0.442266
4096 4096 32
1.8729
8192 8192 32
7.91089
1024 1024 4
0.506049
2048 2048 4
2.23362
4096 4096 4
9.52403
8192 8192 4
42.0356
1024 1024 64
0.0627427
2048 2048 64
0.258595
4096 4096 64
1.1134
8192 8192 64
4.70475
1024 1024 8
0.292
2048 2048 8
1.24708
4096 4096 8
5.49117
8192 8192 8
23.455